Subject left_Hippocampal_tail left_subiculum left_CA1 left_hippocampal-fissure left_presubiculum left_parasubiculum left_molecular_layer_HP left_GC-ML-DG left_CA3 left_CA4 left_fimbria left_HATA left_Whole_hippocampus right_Hippocampal_tail right_subiculum right_CA1 right_hippocampal-fissure right_presubiculum right_parasubiculum right_molecular_layer_HP right_GC-ML-DG right_CA3 right_CA4 right_fimbria right_HATA right_Whole_hippocampus
PPMI_3635_MR_SAG_T1_3D 594.208118 485.982020 723.549594 165.137513 406.417073 83.528532 672.117732 354.205296 233.633002 296.412866 124.198628 68.742905 4042.995766 570.744121 480.114017 749.589880 189.724515 392.908992 70.010151 661.398860 355.255680 260.924640 305.999983 100.512387 79.049679 4026.508390
PPMI_3636_MR_SAG_T1_3D 474.987754 477.191783 626.559308 229.555831 323.710736 64.467826 577.960754 297.381629 189.623277 252.613894 99.871968 67.845524 3452.214453 614.859996 478.877006 662.240860 153.031197 328.674574 61.284988 586.943637 306.129242 211.759414 260.765933 98.727244 71.974149 3682.237044
PPMI_3637_MR_SAG_T1_3D 482.968748 493.522082 730.821196 177.482116 341.370132 79.564502 655.726770 341.696938 247.532471 292.454864 102.093460 73.889769 3841.640933 571.273067 489.727976 793.958961 204.695593 335.587516 71.792393 686.663403 366.012715 289.520779 317.278514 90.029760 78.542440 4090.387524
PPMI_3750_MR_MPRAGE_GRAPPA_ 424.019497 394.415281 642.307807 170.353632 346.276830 94.306611 547.462677 287.125724 195.112536 243.514146 118.722294 69.465673 3362.729074 518.663660 421.202587 632.676571 164.675759 296.370509 46.525432 540.873222 284.208980 204.680244 241.356223 87.918532 58.862345 3333.338306
PPMI_3756_MR_MPRAGE_GRAPPA_ 491.760645 451.579537 726.782846 242.304124 309.210112 79.161330 626.095044 334.541379 253.068166 292.304083 74.259635 67.110416 3705.873194 577.223120 409.027997 672.143112 161.429899 272.267152 73.350889 572.020762 313.807843 232.573499 267.917520 79.125648 55.131412 3524.588954
PPMI_3759_MR_MPRAGE_GRAPPA_ 592.168836 428.452224 633.387011 201.028007 298.848113 61.127014 569.257242 289.199413 196.493779 247.454386 82.538770 54.584192 3453.510979 632.786105 414.284749 655.070950 240.399880 297.038118 56.172402 551.982961 280.270206 185.541484 238.702839 89.059887 60.098237 3461.007938
PPMI_3765_MR_MPRAGE_GRAPPA_ 567.050819 391.928494 575.616228 143.249806 279.506434 41.195375 514.741028 270.356143 188.303712 232.676722 74.024724 58.394410 3193.794089 582.511903 384.706981 569.750941 145.954374 248.724583 48.070732 513.472309 276.437983 221.032262 235.047775 79.994168 61.190538 3220.940175
PPMI_3767_MR_MPRAGE_GRAPPA_ 629.033763 421.792890 650.367662 135.000498 275.174054 48.254035 586.922224 319.528269 197.741141 269.341825 91.060031 57.112642 3546.328535 611.547838 452.621750 624.274249 123.303217 278.599620 59.138909 579.442056 287.211144 213.899448 247.575403 92.677662 62.391966 3509.380045
PPMI_3768_MR_MPRAGE_GRAPPA_ 473.833800 432.461672 610.362825 177.720391 288.138354 57.633128 543.745763 284.577878 197.274036 244.710893 83.104004 57.668676 3273.511029 556.354868 409.073708 597.982695 158.090736 269.383132 50.158282 542.292176 300.942052 237.149614 263.057439 74.999696 60.774680 3362.168343
PPMI_3769_MR_MPRAGE_GRAPPA_ 461.567684 410.411378 608.710250 147.012315 292.217355 69.929265 521.065955 252.352774 197.912567 225.493566 55.355382 61.937674 3156.953851 470.483313 452.859511 599.421614 195.948935 313.657926 81.463379 529.048810 251.183500 187.658240 225.641390 60.232444 53.900832 3225.550958
PPMI_3779_MR_MPRAGE_GRAPPA_ 593.934071 580.053595 705.652477 152.935878 401.444611 105.678290 674.206775 377.356304 232.392428 325.066928 89.418099 70.601364 4155.804942 671.260385 504.415781 768.057445 212.738382 355.263241 81.591500 674.050019 358.943681 251.837806 303.791030 94.281884 74.260857 4137.753627
PPMI_3803_MR_MPRAGE_GRAPPA_ 380.188253 419.002739 562.512000 148.258835 281.044608 46.679825 479.026849 216.541931 132.587167 185.081405 80.341812 49.268862 2832.275450 386.984900 407.464957 605.187700 169.734776 266.236381 44.574457 499.219327 251.537473 163.081198 210.880071 55.918061 53.585276 2944.669800
PPMI_3804_MR_MPRAGE_GRAPPA_ 598.182159 434.972258 668.393198 164.018522 319.415324 68.515034 587.476609 299.198568 216.551306 267.972106 69.131993 48.746452 3578.555007 552.761546 425.289936 661.620249 151.216502 291.567576 49.634862 550.730317 282.977114 193.149824 246.302993 73.557570 60.594523 3388.186509
PPMI_3805_MR_MPRAGE_GRAPPA_ 455.445248 476.096920 577.682669 161.844911 368.809147 80.833282 561.489625 309.714356 194.831848 263.311795 122.755445 74.830616 3485.800952 517.716086 470.738974 675.693281 155.613313 317.109198 66.155788 597.883541 322.503123 220.094543 276.514396 99.632586 67.788041 3631.829556
PPMI_3806_MR_MPRAGE_GRAPPA_ 427.246575 366.659796 532.528751 156.210820 264.521031 38.054738 488.870933 250.109756 163.655652 214.472686 62.102043 41.003121 2849.225080 477.716954 371.688557 501.983890 140.077980 255.498405 61.145657 456.108058 227.881770 172.781254 197.601470 71.130681 53.301389 2846.838085
PPMI_3807_MR_MPRAGE_GRAPPA_ 527.078156 414.988849 610.483468 155.079419 355.971328 73.041777 557.547849 294.023238 181.147464 255.598563 76.295903 47.440178 3393.616773 561.021129 394.489312 593.989318 153.544368 293.351471 61.761286 535.942336 283.101010 197.119179 244.594852 69.407351 53.653667 3288.430910
PPMI_3809_MR_MPRAGE_GRAPPA_ 525.644771 480.018036 681.375856 186.771963 356.200381 69.240432 616.443893 311.976903 243.074671 270.982861 99.832823 62.004981 3716.795609 566.102057 424.817600 716.983257 167.398710 294.247773 63.952880 596.847888 306.228866 245.668584 262.429550 86.585425 78.196832 3642.060712
PPMI_3811_MR_MPRAGE_GRAPPA_ 572.125545 452.008507 716.069636 216.125307 369.907743 83.186108 598.008279 274.390837 214.211658 246.684538 76.539730 76.730107 3679.862687 574.226979 457.124924 665.811241 188.638587 326.853038 69.670344 575.062624 280.148242 203.400543 253.286591 73.643423 79.851215 3559.079163
PPMI_3812_MR_MPRAGE_GRAPPA_ 603.951774 449.724812 564.809562 178.858948 334.731823 57.254720 560.591921 281.926918 195.205887 246.322720 69.367317 50.762489 3414.649942 685.094494 474.813401 615.608541 184.329294 349.721361 79.526426 586.724307 280.605170 193.354949 245.512833 61.323917 53.333394 3625.618792
PPMI_3813_MR_MPRAGE_GRAPPA_ 432.079613 421.883621 600.391171 169.441445 314.453110 65.143170 528.396663 274.554460 195.735163 230.722750 78.676101 57.050719 3199.086542 519.452333 400.649341 617.957860 186.901714 274.196002 51.297011 545.065890 291.120512 229.182635 247.875456 60.315938 57.089049 3294.202029
PPMI_3816_MR_MPRAGE_GRAPPA_ 563.674651 422.452936 618.067617 186.945097 300.601522 54.225678 564.404399 291.834063 210.769251 255.617795 92.848517 71.516103 3446.012530 573.671233 404.787309 729.920597 169.380174 286.855825 63.171282 605.939144 314.218121 255.313938 272.901284 95.953942 64.423844 3667.156520
PPMI_3817_MR_MPRAGE_GRAPPA_ 476.735590 499.048504 717.855888 208.616022 330.373462 63.415506 599.695765 285.280231 197.295819 246.681154 85.428108 74.437583 3576.247610 529.280266 479.623058 676.507390 212.103184 333.161895 64.361270 597.174759 291.112813 226.174189 253.658557 87.440834 61.808615 3600.303645
PPMI_3850_MR_MPRAGE_GRAPPA_ 585.220905 476.473639 640.660456 159.048068 362.255789 66.923493 600.390797 297.713637 184.932104 257.216337 70.845554 63.315260 3605.947972 617.846156 491.937678 665.229992 136.828221 363.436692 65.098639 610.252102 292.624138 188.718902 249.187689 74.527712 61.367471 3680.227172
PPMI_3851_MR_MPRAGE_GRAPPA_ 527.114592 440.099614 606.786328 124.685937 326.338461 53.359545 565.645799 313.182901 209.504636 269.539447 90.000943 68.632119 3470.204383 560.958115 438.709694 700.062302 135.869831 328.641329 50.910348 605.102356 313.764799 222.589738 261.825716 97.169121 71.320217 3651.053737
PPMI_3852_MR_MPRAGE_GRAPPA_ 486.030310 460.625197 721.060851 188.416804 328.622649 60.064703 605.159356 311.127502 236.361721 267.577095 83.388306 66.316261 3626.333950 564.315771 525.694889 734.702828 196.935590 360.469875 74.087204 635.753240 300.953526 216.394256 253.576130 102.229226 82.556846 3850.733791
PPMI_3853_MR_MPRAGE_GRAPPA_ 583.963566 479.207803 655.213399 171.176615 342.519880 60.012246 622.490728 330.924442 224.283474 288.100412 87.460536 59.761131 3733.937619 646.245635 464.008865 694.219441 170.013555 331.590940 58.354980 616.091336 322.632433 224.897160 275.340811 70.715930 61.172510 3765.270040
PPMI_3854_MR_MPRAGE_GRAPPA_ 545.928157 494.461796 680.642604 166.943270 291.707355 61.709891 591.056768 286.914922 201.503176 237.227979 96.679846 75.414823 3563.247317 608.013044 465.364877 733.525850 129.964174 305.806369 58.813594 640.644103 313.125243 224.426186 262.541951 95.646075 74.867046 3782.774338
PPMI_3855_MR_MPRAGE_GRAPPA_ 522.317560 392.165955 587.283039 144.961702 298.300093 52.260427 536.523517 288.682395 191.482061 246.217498 93.327402 59.886415 3268.446362 494.816038 407.265570 652.893699 149.288320 288.902621 57.258464 570.438641 305.552247 212.341224 257.118458 105.081719 64.153912 3415.822595
PPMI_3857_MR_MPRAGE_GRAPPA_ 412.444286 344.557248 523.977640 123.367173 245.029097 43.560120 467.285738 251.571135 182.013646 211.138553 69.609579 66.830091 2818.017134 436.244917 372.883295 610.400372 135.958868 264.390156 48.077953 514.499500 266.665402 187.382269 224.429383 71.834596 60.892584 3057.700427
PPMI_3859_MR_MPRAGE_GRAPPA_ 450.210106 380.519365 548.424804 163.279681 275.046905 64.224867 475.284109 252.624884 164.801184 213.399442 84.362468 56.607157 2965.505291 509.834070 402.919537 542.163556 161.216671 292.657978 67.530604 479.692240 262.722725 169.318148 221.346660 87.916699 56.899053 3093.001270
PPMI_4004_MR_MPRAGE_GRAPPA_ 450.215614 425.110758 595.832789 167.465853 316.904748 75.136978 533.495230 271.592232 182.482649 231.076552 89.186252 61.212998 3232.246800 461.179407 423.545561 676.330515 163.914646 272.079015 48.483398 565.665553 293.804511 213.311860 251.496127 74.927729 69.710718 3350.534396
PPMI_4010_MR_MPRAGE_GRAPPA_ 559.666614 365.582211 578.589272 122.345027 314.339567 69.982666 511.004661 270.663815 177.223820 226.637577 98.778010 54.531279 3226.999492 635.525316 396.096448 613.227830 147.612807 307.182149 63.882659 536.017821 274.177720 180.544953 223.266870 88.383559 62.819201 3381.124525
PPMI_4018_MR_MPRAGE_GRAPPA_ 340.082905 333.082587 490.235138 127.396607 221.338577 58.815308 434.043537 232.057048 171.223807 199.677364 97.895603 53.162442 2631.614316 350.719935 322.251492 519.478077 138.809469 226.281488 64.303459 441.246450 249.763245 194.178759 218.816327 88.268897 62.570377 2737.878505
PPMI_4032_MR_MPRAGE_GRAPPA_ 534.933217 412.119179 630.347044 170.894772 312.158319 87.351212 521.729708 250.052233 162.388108 217.663281 82.497540 57.401165 3268.641005 504.571320 413.298023 606.706078 166.875514 308.313646 68.336850 521.472144 257.183633 171.098888 221.248831 83.218326 63.358865 3218.806602
PPMI_4067_MR_MPRAGE_GRAPPA_ 531.486536 445.364696 595.271434 168.412222 329.956035 73.386080 554.057227 282.653320 195.260808 243.858802 77.952197 56.432432 3385.679566 586.754518 415.116707 629.302155 164.573769 283.928554 48.214195 564.662349 297.945805 217.528737 252.587563 72.588271 59.241609 3427.870463
PPMI_4085_MR_MPRAGE_GRAPPA_ 451.694296 388.655531 573.336065 161.335774 292.038759 43.384939 498.016298 258.035579 147.970939 217.092649 92.477070 54.532661 3017.234787 431.250769 398.006481 612.466362 153.874388 223.374221 52.942610 490.266094 233.946547 153.317561 196.451765 91.579692 45.076465 2928.678568
