Subject Medulla Pons SCP Midbrain Whole_brainstem
ADNI_003_S_0907_MR_MPRAGE_br_raw 4291.908198 14505.375795 219.718807 5480.942025 24497.944825
ADNI_003_S_0931_MR_MPRAGE_br_raw 3668.995583 13568.359955 285.921073 5317.698878 22840.975488
ADNI_003_S_0981_MR_MPRAGE_br_raw 4109.754047 13682.182563 188.465991 5546.007721 23526.410323
ADNI_003_S_1021_MR_MPRAGE_br_raw 3651.550958 11874.003019 193.914931 5334.949145 21054.418053
ADNI_011_S_0002_MR_MPRAGE_br_raw 5140.846990 15723.188729 253.746729 7146.038621 28263.821069
ADNI_011_S_0005_MR_MPRAGE_br_raw 4794.828731 15029.086540 278.887459 5948.671956 26051.474685
ADNI_011_S_0008_MR_MPRAGE_br_raw 3470.699195 12691.673396 157.038901 5369.746065 21689.157557
ADNI_011_S_0016_MR_MPRAGE_br_raw 4023.793206 15019.921584 276.684272 5886.570918 25206.969980
ADNI_011_S_0021_MR_MPRAGE_br_raw 3800.572240 13548.178693 238.993690 4905.000013 22492.744636
ADNI_011_S_0022_MR_MPRAGE_br_raw 3753.984697 12734.743597 198.675345 5088.664050 21776.067689
ADNI_011_S_0023_MR_MPRAGE_br_raw 4257.181188 15262.068881 217.335250 5867.451761 25604.037079
ADNI_013_S_0502_MR_MPRAGE_br_raw 4089.500198 14310.981666 230.531374 5899.559842 24530.573081
ADNI_013_S_0575_MR_MPRAGE_br_raw 4177.148110 15143.931771 255.008253 6089.985397 25666.073531
ADNI_013_S_1035_MR_MPRAGE_br_raw 4600.842008 17690.242060 212.715267 6544.546202 29048.345537
ADNI_013_S_1276_MR_MPRAGE_br_raw 4105.212076 12922.164958 252.375826 5955.341119 23235.093978
ADNI_016_S_0359_MR_MPRAGE_br_raw 3267.625938 11954.718578 183.261662 4956.641655 20362.247833
ADNI_016_S_0538_MR_MPRAGE_br_raw 4805.342514 16926.786582 291.807828 7347.128389 29371.065312
ADNI_020_S_0097_MR_MPRAGE_br_raw 4682.179173 15603.356765 214.520949 6554.408761 27054.465648
ADNI_020_S_0883_MR_MPRAGE_br_raw 4402.669842 14277.679383 185.590175 5646.220480 24512.159880
ADNI_020_S_0899_MR_MPRAGE_br_raw 3910.418236 11705.188094 231.149413 5335.450351 21182.206094
ADNI_020_S_1288_MR_MPRAGE_br_raw 5326.938212 16483.472416 308.454065 7055.378681 29174.243374
ADNI_022_S_0014_MR_MPRAGE_br_raw 3470.886671 10280.646893 161.682481 4476.581628 18389.797673
ADNI_022_S_0066_MR_MPRAGE_br_raw 3438.458970 11871.117018 182.720178 5096.135603 20588.431769
