Subject left_Hippocampal_tail left_subiculum left_CA1 left_hippocampal-fissure left_presubiculum left_parasubiculum left_molecular_layer_HP left_GC-ML-DG left_CA3 left_CA4 left_fimbria left_HATA left_Whole_hippocampus right_Hippocampal_tail right_subiculum right_CA1 right_hippocampal-fissure right_presubiculum right_parasubiculum right_molecular_layer_HP right_GC-ML-DG right_CA3 right_CA4 right_fimbria right_HATA right_Whole_hippocampus
ADNI_003_S_0907_MR_MPRAGE_br_raw 506.952087 330.868155 550.275894 132.041287 225.216685 40.323101 448.018256 227.714837 175.540379 203.273293 57.474740 49.930481 2815.587909 492.312165 343.094107 564.838827 129.131219 231.154227 36.699393 485.660483 264.566795 209.049490 234.641755 49.238777 59.588274 2970.844295
ADNI_003_S_0931_MR_MPRAGE_br_raw 360.627294 312.822396 449.768682 145.751626 230.160267 41.528734 394.986397 221.039607 162.588887 189.272038 73.458911 59.831981 2496.085196 416.776566 352.131073 511.551897 147.655281 234.662868 59.844914 451.297574 243.252881 192.138188 214.652897 44.720658 48.976128 2770.005644
ADNI_003_S_0981_MR_MPRAGE_br_raw 480.612978 393.090163 517.374583 190.471854 283.447649 41.668644 483.015556 243.290514 188.701602 220.850868 25.748250 54.634979 2932.435785 458.902280 382.247889 529.504152 158.230920 283.578956 57.659859 476.991267 232.306902 175.929300 209.137561 26.385425 42.490958 2875.134550
ADNI_003_S_1021_MR_MPRAGE_br_raw 393.035322 341.398843 471.596068 142.545504 309.670675 82.710102 426.209668 198.667857 138.509141 176.238192 51.915765 40.834556 2630.786188 404.110266 317.432623 473.781089 159.114196 227.560292 58.565669 386.385640 209.116907 136.670775 188.119785 57.297584 43.455016 2502.495645
ADNI_011_S_0002_MR_MPRAGE_br_raw 603.633317 461.761093 655.582047 125.028763 329.922482 58.643249 602.660206 320.640809 238.743650 277.458232 86.100444 71.063896 3706.209425 655.114397 483.305186 706.004464 162.856865 333.998377 78.957716 619.719843 324.032583 232.268316 280.211769 98.922676 81.167829 3893.703154
ADNI_011_S_0005_MR_MPRAGE_br_raw 422.584972 336.747326 501.694691 142.852804 266.063753 54.346479 443.916359 233.118881 147.370569 200.112218 53.135319 32.437390 2691.527958 521.880516 420.453917 609.879446 147.269292 293.419584 46.584716 577.748342 322.834622 257.442132 283.185306 56.013413 67.383781 3456.825775
ADNI_011_S_0008_MR_MPRAGE_br_raw 444.195416 362.075235 576.538799 145.842509 288.197275 76.466827 499.916196 252.925503 180.984829 213.287524 45.513239 55.064017 2995.164860 352.372611 250.190074 371.499869 143.035349 171.948414 39.946071 344.009915 208.319097 157.620632 185.221408 28.360962 38.659050 2148.148104
ADNI_011_S_0016_MR_MPRAGE_br_raw 477.798258 375.169821 605.893274 159.236857 270.265671 49.805226 513.185762 269.373670 200.484017 239.132680 48.737394 43.165664 3093.011437 515.223952 376.002608 609.534400 167.912815 223.794513 29.819293 513.920707 290.643743 214.314726 250.602601 43.063362 47.269104 3114.189007
ADNI_011_S_0021_MR_MPRAGE_br_raw 505.440243 405.706390 634.041403 157.330068 274.228715 49.902245 541.982264 290.441026 208.952561 242.008097 55.762701 66.759127 3275.224773 538.281361 421.788851 625.023614 166.098370 255.260265 47.065985 560.285930 322.464680 249.397660 280.390057 55.791944 68.883863 3424.634210
ADNI_011_S_0022_MR_MPRAGE_br_raw 401.560188 305.755975 482.602749 88.055375 250.154256 57.428782 416.517070 214.538162 132.352188 176.786309 64.409185 46.734975 2548.839840 427.878271 296.783744 470.930026 100.643264 229.770097 51.828529 418.359162 223.698967 154.477896 187.837064 59.072661 51.630407 2572.266824
ADNI_011_S_0023_MR_MPRAGE_br_raw 592.354034 452.757606 702.413659 171.744714 303.100569 38.457211 603.243116 289.130184 192.353535 247.651605 72.324188 63.023537 3556.809244 613.942830 436.454981 701.329439 162.805584 269.994070 35.760120 581.689929 303.254947 201.319378 250.905474 71.794364 57.724417 3524.169949
ADNI_013_S_0502_MR_MPRAGE_br_raw 502.134753 414.852109 567.485271 170.995269 324.437058 58.068437 534.716868 271.626636 175.113456 240.011552 52.920207 44.539741 3185.906087 548.530523 400.931532 629.549117 192.495901 282.826816 50.924421 555.684775 286.130804 204.071058 244.577616 57.192271 43.383361 3303.802296
ADNI_013_S_0575_MR_MPRAGE_br_raw 455.208724 324.460684 523.545098 176.555922 225.146491 48.374747 409.262118 233.638983 139.783731 205.973651 15.582448 41.777088 2622.753762 482.203670 315.067067 605.290233 231.289748 208.097160 36.822573 452.471251 265.529779 170.276421 226.425562 15.503081 42.959271 2820.646066
ADNI_013_S_1035_MR_MPRAGE_br_raw 502.744507 362.782193 535.921363 175.206184 294.498273 65.477045 472.722369 235.072012 177.184471 209.860321 54.289794 48.627372 2959.179721 506.748901 368.776358 586.546081 171.669605 250.212500 38.559445 500.382669 269.941972 203.034785 235.196058 45.886462 42.282701 3047.567930
ADNI_013_S_1276_MR_MPRAGE_br_raw 463.804106 335.904228 583.062074 179.880507 225.499797 42.690106 479.024650 246.434011 196.131845 217.664666 35.121566 46.984392 2872.321441 453.916002 334.673485 572.353761 157.025970 211.848238 47.902211 488.378357 256.912920 203.845609 218.706234 32.480913 52.189995 2873.207725
ADNI_016_S_0359_MR_MPRAGE_br_raw 448.503051 391.465654 521.561136 171.952286 276.784860 57.451321 492.952590 249.875152 180.165716 220.075849 64.396392 40.366080 2943.597801 499.328159 332.665534 516.345300 160.740380 222.157373 45.611520 460.649439 251.440711 188.623137 222.297706 38.677376 44.554845 2822.351099
ADNI_016_S_0538_MR_MPRAGE_br_raw 529.747985 506.302924 753.337133 259.899071 340.954232 59.064250 625.619891 299.711660 202.623748 259.430116 95.571427 62.859871 3735.223236 547.496925 532.147834 747.520334 243.302304 327.592064 55.021961 634.972943 304.001338 210.535540 273.006435 69.844074 56.430277 3758.569726
ADNI_020_S_0097_MR_MPRAGE_br_raw 682.328766 398.514579 572.053053 182.508814 285.066089 46.137138 523.914487 286.315688 224.949783 253.607092 51.076185 51.004149 3374.967009 627.901598 401.787377 649.280233 183.942999 296.020032 52.764383 550.295226 303.441620 208.653619 266.777509 46.567755 60.141530 3463.630883
ADNI_020_S_0883_MR_MPRAGE_br_raw 494.242743 339.489419 534.625830 139.297443 251.333820 45.282283 455.401594 241.854831 158.385390 215.053157 26.014976 38.284099 2799.968143 567.656030 396.382174 640.764636 175.116989 243.218585 37.403229 556.609125 316.694916 239.784241 276.278604 24.916876 48.722805 3348.431221
ADNI_020_S_0899_MR_MPRAGE_br_raw 370.101933 374.535628 504.580869 159.413017 270.544782 70.396687 429.595423 205.123281 141.603193 187.391211 48.806971 44.478943 2647.158919 408.322897 399.575030 567.268364 194.523079 264.893599 58.085907 471.201679 237.114790 157.552442 215.581195 49.396522 46.767901 2875.760327
ADNI_020_S_1288_MR_MPRAGE_br_raw 581.474627 489.870251 686.373607 156.250476 336.660422 46.647730 630.428881 330.233602 224.804761 287.252553 62.902828 57.742802 3734.392064 570.519857 510.885584 697.511657 165.714442 318.411102 39.774189 611.855941 313.541960 204.875520 262.713974 76.559818 64.506472 3671.156073
ADNI_022_S_0014_MR_MPRAGE_br_raw 340.312191 362.535247 483.385192 105.851707 245.424239 48.598310 450.046313 252.786746 172.701202 214.702698 78.361764 40.196198 2689.050099 411.424847 349.380089 532.008253 136.411948 211.182878 48.627607 486.371886 299.151735 234.975172 262.426606 49.560858 57.230843 2942.340772
ADNI_022_S_0066_MR_MPRAGE_br_raw 494.379242 370.374572 524.550275 146.089834 286.131568 67.862451 477.776751 232.085128 169.327172 203.170333 51.778744 47.879290 2925.315526 563.629131 337.448806 470.220744 168.472627 258.110420 55.018259 428.320119 217.395599 151.950867 191.117158 43.834021 35.811585 2752.856709
